# 实际选择但在MSWEP中缺失的流域
# 共 176 个

02167450
02197300
02228500
02231000
02231342
02235200
02236500
02245500
02246000
02266200
02268390
02295013
02296500
02322700
02322800
02342850
02343225
02343940
02365470
02365769
02366996
02371500
02372250
02373000
02374500
02374745
02374950
02388900
02388975
02390000
02391540
02391840
02392360
02399200
02400100
02400680
02401000
02401390
02404400
02405500
02407000
02407514
02408540
02415000
02420000
02422500
02423130
02423380
02423397
02423400
02423414
02423425
02423496
02423500
0242354750
02423555
02423630
02424000
02427250
02438000
02448900
02449882
02450000
02450180
02450250
02450825
02453000
02454055
02455000
02455185
02455980
02456000
02456500
02457000
02457595
02458300
02458450
02458600
02461500
02462000
02464000
02464146
02465000
02465493
02466030
02467500
02469800
02470072
02479945
03010655
03011800
03015500
03017500
03021350
03022540
03026500
03028000
03031500
03032500
03034000
03034500
03036000
03036500
03038000
03039000
03040000
03041029
03041500
03042000
03042280
03042500
03044000
03045000
03047000
03048500
03049000
03049500
03049800
03050000
03050500
03051000
03052000
03052500
03053500
03054500
03056000
03056250
03057000
03058000
03058500
03061000
03065400
03066000
03067510
03068800
03069500
03070500
03072000
03075905
03076600
03078000
03085500
03092460
03093000
03094000
03095500
03098600
03099500
03101500
03102500
03102850
03103500
03105500
03106000
03106300
03106500
03107500
03108000
03109500
03110000
03111500
03114500
03115400
03116000
03116077
03118000
03118500
03124500
03126000
03127000
03128500
03139000
03140000
03140500
03141500
03141870
